date	DIST	FI	MAC	ELS	MULT	mktrf	smb	hml	rmw	cma	rf
2000-12-31	235.7	156.56	241.52	283.25	191.9	1.19	3.17	7.33	1.96	5.71	0.5
2001-01-31	242.51	158.79	249.53	281.6	195.04	3.13	5.73	-4.9	-4.91	-6.54	0.54
2001-02-28	247.16	159.63	252	274.79	195.51	-10.05	2.73	12.9	9.49	9.58	0.38
2001-03-31	250.56	160.02	258.9	269.47	195.69	-7.26	2.35	6.45	3.47	3.95	0.42
2001-04-30	253.05	162.13	260.69	271.55	198.21	7.94	-0.68	-4.69	-2.98	-3.97	0.39
2001-05-31	259.17	162.97	266.28	272.63	199.41	0.72	3.6	3.14	0.28	2.19	0.32
2001-06-30	266.05	163.79	269.03	273.78	198.85	-1.94	6.59	-1.06	1.64	-1.8	0.28
2001-07-31	268.7	165.28	270.89	271.82	200	-2.13	-2.84	5.58	7.45	3	0.3
2001-08-31	272.05	166.34	273.59	273.04	201.86	-6.46	2.73	2.5	3.86	6.5	0.31
2001-09-30	269.91	166.64	276.79	268.76	200.87	-9.25	-5.58	1.6	5.44	3.28	0.28
2001-10-31	276.26	169.22	280.05	266.62	202.17	2.46	5.37	-8.1	-2.95	-4.6	0.22
2001-11-30	278.35	168.76	279.02	269.56	202.93	7.54	-0.36	2	-3.93	-1.66	0.17
2001-12-31	282.86	169.15	285.92	272.91	202.45	1.61	5.13	1.1	0.42	-0.32	0.15
2002-01-31	287.32	170.9	293.46	271.27	202.39	-1.44	1.2	3.33	4.29	2.84	0.14
2002-02-28	285.52	172.39	295	268.59	201.84	-2.29	-0.42	2.5	7.78	5.14	0.13
2002-03-31	289.02	173.48	294.43	271.04	203.25	4.24	4.22	1.1	-1.6	0.58	0.13
2002-04-30	291.58	175.82	299.43	272.69	204.87	-5.2	6.62	3.93	4.28	5.39	0.15
2002-05-31	292.12	178.36	301.77	274.87	206.61	-1.38	-3.04	1.69	2.26	2.41	0.14
2002-06-30	281.06	179.52	306.06	271.41	206.79	-7.21	3.8	0.13	3.93	2.54	0.13
2002-07-31	269.06	181.46	312.64	263.39	204.82	-8.18	-6.23	-3.41	3.98	-0.73	0.15
2002-08-31	269.82	183.7	316.46	266.04	206.53	0.5	-1.23	2.49	1.47	-1.61	0.14
2002-09-30	269.15	181.61	318.85	264.79	208.27	-10.35	3.08	1.31	3.22	-2.29	0.14
2002-10-31	267.21	177.49	321.13	265.01	210.36	7.84	-4.12	-5.46	-3.14	0.92	0.14
2002-11-30	277.65	176.55	325.07	266.53	214.07	5.96	2.83	-1.15	-9.5	5.16	0.12
2002-12-31	280.9	178.88	327.84	268.55	215.23	-5.76	0.54	2.25	6.2	-1.61	0.11
2003-01-31	289.66	181.14	334.49	268.36	218.39	-2.57	0.83	-0.93	-0.61	0.81	0.1
2003-02-28	292.24	182.94	340.76	267.79	218.62	-1.88	-0.89	-1.45	1.11	-0.54	0.09
2003-03-31	295.73	183.7	338.52	268.93	220.28	1.09	0.58	-2.09	1.99	-0.69	0.1
2003-04-30	305.39	186	345.82	275.48	223.69	8.22	1.03	1.03	-4.66	1.14	0.1
2003-05-31	312.33	188.38	356.07	285.62	228.08	6.05	4.79	-0.3	-7.11	3.22	0.09
2003-06-30	320.53	189.02	361.89	287.87	230.6	1.42	1.68	0.66	0.54	-0.32	0.1
2003-07-31	324.18	187.17	361.51	288.65	231.39	2.35	4.71	-1.15	-4.07	1.89	0.07
2003-08-31	327.49	187.56	366.22	291.64	233.09	2.34	2.53	2.03	-2.39	2.19	0.07
2003-09-30	334.74	189.73	377.36	295.18	237.01	-1.24	0.51	0.02	1.16	0.28	0.08
2003-10-31	341.36	190.6	377.7	302.43	239.87	6.08	2.63	1.75	-1.55	1.58	0.07
2003-11-30	345.49	191.6	379.77	307.56	241.99	1.35	2.19	1.86	-0.18	1.69	0.07
2003-12-31	351.45	193.14	386.82	314.93	247.61	4.29	-2.7	2.42	-0.04	1	0.08
2004-01-31	359.94	195.51	392.42	321.22	251.58	2.15	2.56	1.98	-3.59	3.34	0.07
2004-02-29	363.13	197.21	397.08	326.84	252.56	1.4	-0.89	0.49	2.54	-1.35	0.06
2004-03-31	365.26	196.25	400.95	327.5	253.59	-1.32	2.1	0.21	1.59	-1.04	0.09
2004-04-30	367.68	198.88	401.52	322.9	254.39	-1.83	-2.18	-2.62	3.13	-2.82	0.08
2004-05-31	368.62	200.14	401.71	321.73	254.06	1.17	-0.41	-0.39	-1.08	-0.09	0.06
2004-06-30	372.52	201.56	403.65	323.84	254.28	1.86	2.55	1.38	1.02	-0.39	0.08
2004-07-31	374.46	202.98	406.98	319.24	253.54	-4.06	-2.99	4.11	5.28	-1.63	0.1
2004-08-31	376.56	202.15	403.91	319.52	254.57	0.08	-1.28	1.03	1.3	-1.41	0.11
2004-09-30	381.21	200.57	401.95	327.06	256.02	1.6	3.3	-0.25	-1.26	-1.88	0.11
2004-10-31	388.29	202.85	406.86	331.78	257.53	1.43	0.29	-0.62	-0.08	0.41	0.11
2004-11-30	398.66	205.13	416.69	342.53	262.96	4.54	4.13	1.8	-1.09	-0.23	0.15
2004-12-31	406.33	206.38	419.68	351.35	266.26	3.43	0.01	-0.06	-1.34	0.5	0.16
2005-01-31	408.55	206.57	422.59	348.4	266.28	-2.76	-1.11	1.96	3.12	-1.37	0.16
2005-02-28	414.87	208.45	428.49	355.48	268.97	1.89	-0.29	1.64	1.33	-0.06	0.16
2005-03-31	417.57	209.02	430.69	351.43	269.29	-1.97	-1.41	1.56	0.49	1.09	0.21
2005-04-30	417.32	207.7	429.62	345.99	266.34	-2.61	-4.04	-0.35	0.82	-0.89	0.21
2005-05-31	417.88	205.13	429.91	347.74	263.86	3.65	2.71	-0.83	-1.37	0.26	0.24
2005-06-30	422.95	204.07	432.15	354.38	266.98	0.57	3.28	2.62	1.14	-0.53	0.23
2005-07-31	429.91	206.11	436.65	363.86	273.01	3.92	2.79	-0.51	-1.43	-0.98	0.24
2005-08-31	434.2	207.16	439.74	367.95	275.86	-1.22	-0.88	1.27	-2.32	0.45	0.3
2005-09-30	439.6	207.4	450.41	375.39	280.31	0.49	-0.29	0.77	0.56	-0.57	0.29
2005-10-31	439.16	207.95	446.53	366.8	277.42	-2.02	-1.4	0.23	-0.59	-1.26	0.27
2005-11-30	446.31	206.74	451.35	374.95	281.02	3.61	0.79	-1.18	-0.68	-1.17	0.31
2005-12-31	454.05	207.68	458.5	385.37	286.33	-0.25	-0.25	0.44	0.29	0.21	0.32
2006-01-31	465.48	210.63	473.94	401.47	294.23	3.04	5.76	1.12	-0.97	-0.53	0.35
2006-02-28	466.45	210.75	479.76	402.03	296.26	-0.3	-0.42	-0.25	-0.51	2.03	0.34
2006-03-31	474.53	211.95	484.86	411.88	302.34	1.46	3.43	0.61	-0.24	-0.53	0.37
2006-04-30	481.74	216.3	498.74	421.51	307.12	0.73	-0.81	2.59	1.31	-0.2	0.36
2006-05-31	483.62	218.05	495.75	409.55	306.78	-3.57	-3.01	2.55	0.89	1.31	0.43
2006-06-30	487.28	219.41	497.91	405.41	306.79	-0.35	-0.23	0.87	1.41	-0.12	0.4
2006-07-31	486.84	219.94	504.7	405.21	307.37	-0.78	-3.67	2.94	1.74	0.93	0.4
2006-08-31	492.44	219.89	500.8	411.45	309.16	2.03	0.44	-1.72	-1.76	2.15	0.42
2006-09-30	494.91	219.85	500.88	411.8	310.16	1.84	-1.44	0.05	0.91	0.54	0.41
2006-10-31	508.04	221.48	506.3	420.83	315.14	3.23	1.92	-0.04	-0.29	0.24	0.41
2006-11-30	516.11	224.06	513.57	431.79	322.25	1.71	0.83	0.07	0.2	-0.87	0.42
2006-12-31	524.79	225.67	520.55	440.78	327.96	0.87	-0.8	3.16	-0.73	2.05	0.4
2007-01-31	533.76	225.95	527.26	445.86	333.53	1.4	0.06	-0.11	0.12	0.23	0.44
2007-02-28	540.23	228.69	529.87	449.02	337.53	-1.96	1.39	-0.09	-0.48	-0.75	0.38
2007-03-31	547.11	230.74	536.26	457.41	340.3	0.68	0.05	-0.22	0.19	-0.61	0.43
2007-04-30	555.68	233.05	545.43	470.69	346.06	3.49	-2.02	-1.15	0.95	1.01	0.44
2007-05-31	567.24	233.62	555.18	481.56	353.99	3.24	0.3	-0.05	1.24	-1.3	0.41
2007-06-30	572.64	234.12	561.93	483.56	355.29	-1.96	0.75	-1.13	0.41	0.07	0.4
2007-07-31	571.24	229.52	567.32	480.24	354.38	-3.73	-2.89	-3.34	0.45	-1.04	0.4
2007-08-31	561.35	227.53	563.82	473.62	349.43	0.92	-0.36	-2.24	-1.05	-0.55	0.42
2007-09-30	567.75	231.74	586.95	489.3	355.63	3.22	-2.42	-1.87	-0.51	-3.17	0.32
2007-10-31	575.78	234.41	602.89	507.57	366.37	1.8	0.03	-2.59	-0.2	-0.1	0.32
2007-11-30	568.28	233.82	601.87	498.88	362.21	-4.83	-2.85	-1.18	1.62	-0.33	0.34
2007-12-31	568.63	234.31	610.92	500.98	361.1	-0.87	0.19	-0.52	0.87	-1.09	0.27
2008-01-31	558.96	234.97	638.05	480.67	354.58	-6.36	-0.52	3.65	1.89	2.2	0.21
2008-02-29	559.91	233.43	664.25	490.55	353.64	-3.09	-0.49	-0.95	0.83	-1.07	0.13
2008-03-31	554.07	218.43	652.97	480.43	346.94	-0.93	0.7	-0.15	0.77	0.47	0.17
2008-04-30	555.41	222.95	642.6	491	349.23	4.6	-1.11	-0.96	1.64	-2.56	0.18
2008-05-31	563.74	225.76	654.18	505.31	353.43	1.86	3.23	-1.38	0.86	0.04	0.18
2008-06-30	560.88	224.7	667.27	498.59	353.61	-8.44	1.15	-2.43	4.39	-0.42	0.17
2008-07-31	546.34	223.86	649.67	481.48	344.89	-0.77	3.68	5.81	-0.95	1.07	0.15
2008-08-31	545.97	222.3	640.79	471.3	340.54	1.53	3.42	1.56	1.74	0.81	0.13
2008-09-30	517.69	207.19	598.28	434.47	315.52	-9.24	0.38	6.33	2.81	1.8	0.15
2008-10-31	488.38	178.11	567.56	403.48	293.63	-17.23	-3.22	-2.89	3.42	1.87	0.08
2008-11-30	463.96	168.13	576.3	397.78	280.04	-7.86	-3.87	-5.94	4.82	2.72	0.03
2008-12-31	452.18	166.79	582.69	401.98	275.79	1.74	3.37	-0.24	0.13	-1.38	0
2009-01-31	451.93	167.59	596.27	401.28	285.03	-8.12	-2.02	-11.1	0.38	-1.22	0
2009-02-28	446.52	169.28	597.54	395.92	284.77	-10.1	-1.15	-7.25	1.94	-1.14	0.01
2009-03-31	447.05	172.23	597.7	403.27	285.84	8.95	0.63	3.53	-2.44	-2.25	0.02
2009-04-30	455.09	175.55	598.86	413.52	292.25	10.19	6.71	5.46	0.25	0.17	0.01
2009-05-31	473.99	183.16	607.68	435.16	304.75	5.21	-2.35	-0.21	-1.18	-2.13	0
2009-06-30	480.82	186.51	602.52	435	309.69	0.43	2.32	-2.71	-0.92	-0.16	0.01
2009-07-31	491.62	193.31	613.24	448.02	318.96	7.72	2.48	5.28	-0.47	3.21	0.01
2009-08-31	502.03	197.92	618.52	454.36	323.51	3.33	-0.06	7.76	-3.05	3.19	0.01
2009-09-30	519.01	203.4	635.64	469.03	332.76	4.08	2.75	0.92	1.68	0.38	0.01
2009-10-31	522.69	207.35	636.99	463.35	336.48	-2.59	-4.76	-4.17	4.21	-1.67	0
2009-11-30	533.54	210.9	659.42	472.24	339.7	5.56	-2.79	-0.17	0.72	0.16	0
2009-12-31	546.91	212.5	650	480.23	343.7	2.75	6.27	0.01	0.73	-0.08	0.01
2010-01-31	557.97	216.79	656.95	473.03	345.64	-3.36	0.3	0.31	-1.32	0.44	0
2010-02-28	559.6	216.95	664.17	479.28	347.59	3.4	1.46	3.16	-0.46	1.4	0
2010-03-31	574.39	220.08	666.71	493.63	352.6	6.31	1.77	2.1	-0.62	1.71	0.01
2010-04-30	584.08	223.94	677.74	495.05	355.97	2	5.05	2.81	0.91	1.7	0.01
2010-05-31	569.45	222.17	673.49	474.61	348.18	-7.89	0.04	-2.38	1.08	-0.22	0.01
2010-06-30	563.19	224.22	677.29	464.78	345.35	-5.56	-2.51	-4.5	-0.18	-1.54	0.01
2010-07-31	569.38	226.92	681.7	476.53	351.1	6.93	0.07	-0.27	0.13	1.99	0.01
2010-08-31	565.72	229.74	691.8	471.2	351.14	-4.77	-3.13	-1.95	0.48	-1.7	0.01
2010-09-30	577.45	233.3	710.64	495.2	360.93	9.54	3.73	-3.12	-0.09	0.49	0.01
2010-10-31	585.07	235.87	722.14	505.12	368.24	3.88	0.79	-2.59	1.41	-0.22	0.01
2010-11-30	586.99	237.62	718.41	507.43	369.35	0.6	3.6	-0.9	0.3	1.63	0.01
2010-12-31	603.01	239.08	737.58	524.79	375.62	6.82	0.99	3.81	-3.53	3.22	0.01
2011-01-31	614.44	243.09	731.91	526.19	383.06	1.99	-2.41	0.81	-0.8	0.69	0.01
2011-02-28	619.71	245.36	741.28	535.24	388.38	3.49	1.64	1.09	-1.9	0.94	0.01
2011-03-31	619.08	244.6	742.41	536.76	391.46	0.45	2.66	-1.55	1.48	0	0.01
2011-04-30	626.12	246.86	760.7	545.89	394.8	2.9	-0.51	-2.51	1	-0.83	0
2011-05-31	626.17	247.39	755.94	536.73	394.62	-1.27	-0.69	-2.06	1.98	-1.49	0
2011-06-30	621.76	247.53	747.53	528.75	392.08	-1.75	0.09	-0.31	2.3	-1.46	0
2011-07-31	620.13	248.9	766.42	526.58	394.47	-2.36	-1.28	-1.23	2.6	-1.82	0
2011-08-31	592.8	248.22	781.05	503.18	386.84	-5.99	-3.21	-2.44	3.13	-0.21	0.01
2011-09-30	573.38	247.76	780.51	476.91	377.67	-7.59	-3.72	-1.46	2	0.24	0
2011-10-31	584.77	248.11	781.92	498.15	385.41	11.35	3.54	-0.17	-1.96	-0.87	0
2011-11-30	577.75	249.34	781.7	490.78	381.98	-0.28	-0.27	-0.35	1.7	1.53	0
2011-12-31	577.45	250.29	785.06	486.44	382.51	0.74	-0.45	1.74	0.89	2.39	0
2012-01-31	591.33	253.22	794.64	505.45	391.97	5.05	2.14	-1.09	-1.82	-1.4	0
2012-02-29	602.49	255.76	800.89	518.81	398.73	4.42	-1.62	0.09	-0.17	-0.06	0
2012-03-31	611.41	257.65	797.48	521.41	400.51	3.11	-0.46	0.87	-0.48	0.79	0
2012-04-30	612.26	259.43	795.5	518.99	402.84	-0.85	-0.58	-0.47	1.2	0.66	0
2012-05-31	604.64	260.05	797.05	495.5	398.13	-6.19	-0.08	-0.62	2.27	2.37	0.01
2012-06-30	603.27	262.02	786.12	497.21	400.05	3.89	0.95	0.44	-1.37	0.34	0
2012-07-31	608.99	266.27	802.96	499.94	405.18	0.79	-2.69	-0.25	0.77	0.12	0
2012-08-31	614.35	268.99	805.99	507.51	410.69	2.55	0.45	1.28	-1.34	-0.74	0.01
2012-09-30	625.27	272.37	810.82	515.48	413.98	2.73	0.69	1.52	-1.08	1.62	0.01
2012-10-31	631.68	274.74	804.9	514.41	415.4	-1.76	-0.81	3.79	-1.47	2.26	0.01
2012-11-30	633.32	276.05	810.7	518.16	419.56	0.78	0.32	-0.96	0.35	0.9	0.01
2012-12-31	645.39	277.93	821	526.36	425.31	1.18	1.91	3.55	-1.69	0.87	0.01
2013-01-31	656.28	280.87	828.24	545.01	434.11	5.57	0.52	0.92	-1.93	1.5	0
2013-02-28	663.09	282.24	830.68	545.66	435.78	1.29	-0.37	0	-0.59	0.46	0
2013-03-31	677.57	283.95	838.74	553.2	438.49	4.03	0.82	-0.26	0.3	1.35	0
2013-04-30	686.64	284.91	853.56	560.16	443.26	1.55	-2.3	0.59	0.18	0.44	0
2013-05-31	702.95	284.94	853.12	566.83	444.9	2.8	2.09	2.55	-1.69	-0.77	0
2013-06-30	696.88	281.69	831.95	563.28	441.61	-1.2	1.39	-0.19	-0.34	-0.06	0
2013-07-31	706.01	282.77	834.14	574.28	446.74	5.65	1.78	0.55	-1.55	0.54	0
2013-08-31	702.61	283.36	826.43	567.88	447.1	-2.71	0.01	-2.78	0.75	-2.16	0
2013-09-30	712.28	284.8	833.36	582.87	453.46	3.77	2.71	-1.18	-0.59	-1.29	0
2013-10-31	723.19	286.54	841.81	597.7	461.5	4.18	-1.48	1.15	2.92	0.91	0
2013-11-30	734.37	287.96	850.48	608.75	465.48	3.12	1.36	0.24	0.3	0.09	0
2013-12-31	748.63	288.48	856.49	619.71	473.09	2.81	-0.52	-0.3	-0.49	0.07	0
2014-01-31	751.63	291.36	847.46	619.23	476.9	-3.32	0.6	-2.08	-3.71	-1.35	0
2014-02-28	766.97	293.27	853.29	637.07	483.61	4.65	0.13	-0.39	-0.41	-0.44	0
2014-03-31	771.6	294.47	851.21	629.51	482.34	0.43	-1.18	5.09	1.99	1.9	0
2014-04-30	774.48	295.76	851.31	623.04	480.28	-0.19	-4.14	1.14	3.61	1.03	0
2014-05-31	785.72	297.1	860.02	632.42	484.57	2.06	-1.84	-0.26	0.33	-1.08	0
2014-06-30	796.8	298.28	864.56	638.79	486.75	2.61	3.08	-0.74	-1.9	-1.95	0
2014-07-31	795.28	299.16	864.47	632.62	487.4	-2.04	-4.25	0.01	1.01	0.48	0
2014-08-31	791.45	299.7	874.28	640.81	491.45	4.24	0.3	-0.57	-0.5	-0.65	0
2014-09-30	785.88	300.96	879.02	639.67	496.28	-1.97	-3.78	-1.22	0.96	-0.53	0
2014-10-31	770.44	300.67	870.97	639.71	493.85	2.52	3.78	-1.69	-0.65	-0.14	0
2014-11-30	771.52	301.29	885.36	651.78	499.86	2.55	-2.26	-2.99	1.45	0.2	0
2014-12-31	767.72	301.09	883.12	654.08	501.9	-0.06	2.84	2.07	-1.38	0.89	0
2015-01-31	759.68	298.66	906.87	655.94	507.86	-3.11	-0.86	-3.47	1.54	-1.68	0
2015-02-28	769	300.88	910.69	668.97	511.51	6.13	0.24	-1.77	-1.09	-1.69	0
2015-03-31	769.71	300.65	922.56	666.13	516.89	-1.12	3.08	-0.45	0.11	-0.53	0
2015-04-30	774.06	302.54	915.65	666.03	516.94	0.59	-3.02	1.85	0.03	-0.54	0
2015-05-31	776.43	303.99	922.18	680.34	520.31	1.36	0.82	-1.33	-1.83	-0.7	0
2015-06-30	766.99	303.35	905.97	677.2	518.15	-1.53	2.83	-0.81	0.37	-1.5	0
2015-07-31	761.35	304.26	917.43	687.49	523.33	1.54	-4.57	-4.14	-0.3	-2.61	0
2015-08-31	750.36	304.15	893.28	674.34	520.78	-6.04	0.4	2.69	0.63	1.25	0
2015-09-30	740.05	302.78	879.28	666.78	518.55	-3.08	-2.83	0.53	1.38	-0.52	0
2015-10-31	737.82	302.18	890.63	678.23	518.91	7.75	-2.16	-0.09	0.9	0.44	0
2015-11-30	732.25	302.41	903.19	677.4	520.09	0.56	3.36	-0.51	-2.75	-1.07	0
2015-12-31	727.06	302.86	884.69	677.33	521.17	-2.17	-2.98	-2.57	-0.04	0.12	0.01
2016-01-31	717.18	300.57	879.69	658.51	518.66	-5.77	-3.51	2.1	2.28	3.01	0.01
2016-02-29	708.88	297.42	866.04	646.94	514.31	-0.07	0.92	-0.48	3.22	2.12	0.02
2016-03-31	712.9	299.17	864.94	651.28	518.13	6.96	1.14	1.14	1.08	-0.01	0.02
2016-04-30	724.47	303.41	867.1	646.7	520.21	0.92	1.18	3.25	-2.98	1.94	0.01
2016-05-31	730.29	303.76	865.14	655.63	525.09	1.78	-0.71	-1.8	-1.23	-2.59	0.01
2016-06-30	726.78	302.23	871.07	643.37	524.54	-0.05	0.48	-1.49	1.12	1.93	0.02
2016-07-31	734.54	305.48	873.61	651.73	530.14	3.95	2.67	-1.13	1.59	-1.27	0.02
2016-08-31	741.83	307.8	875.16	654.59	534.77	0.5	1.72	3.34	-1.47	-0.35	0.02
2016-09-30	746.79	310.11	876.13	655.45	537.92	0.25	1.75	-1.49	-1.92	-0.04	0.02
2016-10-31	755.21	311.41	889.4	649.37	538.48	-2.02	-3.97	4.16	1.24	0.2	0.02
2016-11-30	763.29	312.98	906.56	648.54	535.69	4.86	6.81	8.27	-0.5	3.67	0.01
2016-12-31	773.48	315.84	916.34	654.11	544.16	1.82	0.39	3.61	0.98	-0.25	0.03
2017-01-31	783.04	318.88	913.8	661.45	548.54	1.94	-1.28	-2.68	0.13	-0.94	0.04
2017-02-28	790.31	321.18	916.83	670.45	553.63	3.57	-2.14	-1.79	0.62	-1.74	0.04
2017-03-31	790.7	323.16	918.57	676.73	559.17	0.17	0.81	-3.17	0.83	-1	0.03
2017-04-30	798.74	324.35	913.12	686.77	563.79	1.09	0.51	-1.91	2.13	-1.55	0.05
2017-05-31	803.18	327.21	908.65	698.78	572.25	1.06	-3.07	-3.75	1.32	-1.84	0.06
2017-06-30	803.64	328.39	902.27	697.44	571.99	0.78	2.46	1.32	-2.13	-0.06	0.06
2017-07-31	809.08	331.24	914.36	710.67	576.38	1.87	-1.59	-0.28	-0.58	-0.14	0.07
2017-08-31	810.54	333.05	917.61	716.56	580.65	0.16	-1.87	-2.26	0.44	-2.44	0.09
2017-09-30	816.15	329.1	918.74	718.31	579.87	2.51	4.8	3.02	-1.5	1.64	0.09
2017-10-31	820.48	331.81	926.04	733.03	583.42	2.25	-1.93	-0.09	1.19	-3.32	0.09
